
2018-01-11,37.840000,37.939999,37.459999,37.810001,37.810001,11090500

2018-01-12,38.000000,38.270000,37.900002,38.020000,38.020000,11992900
2018-01-16,38.070000,38.250000,37.380001,37.680000,37.680000,10718800
2018-01-17,38.000000,38.310001,37.750000,37.990002,37.990002,12010200
2018-01-18,38.209999,38.939999,38.130001,38.740002,38.740002,11113500
2018-01-19,38.750000,39.020000,38.200001,38.430000,38.430000,12724000
2018-01-22,38.360001,39.730000,38.330002,39.580002,39.580002,10715000
2018-01-23,39.590000,39.889999,39.130001,39.770000,39.770000,6944800
2018-01-24,39.970001,40.709999,39.689999,39.820000,39.820000,10736000
2018-01-25,39.930000,40.410000,39.860001,40.020000,40.020000,9070900
2018-01-26,40.310001,40.910000,39.919998,40.889999,40.889999,8522600
2018-01-29,40.590000,41.070000,40.570000,40.799999,40.799999,6372800
2018-01-30,40.720001,41.340000,40.189999,40.400002,40.400002,9022900
2018-01-31,40.480000,41.099998,40.360001,40.580002,40.580002,14509700
2018-02-01,45.500000,46.990002,45.209999,46.189999,46.189999,33290600
2018-02-02,45.160000,46.240002,44.230000,44.299999,44.299999,19255600
2018-02-05,44.020000,44.450001,42.240002,42.369999,42.369999,19100200
2018-02-06,41.720001,43.099998,41.720001,42.790001,42.790001,18686100
2018-02-07,42.669998,43.119999,42.230000,42.330002,42.330002,11379200
2018-02-08,42.500000,42.950001,41.009998,41.020000,41.020000,14996800
2018-02-09,41.500000,41.980000,40.430000,41.660000,41.660000,15976200
2018-02-12,41.950001,42.639999,41.639999,42.320000,42.320000,11821400
2018-02-13,41.990002,42.779999,41.900002,42.150002,42.150002,10415600
2018-02-14,41.830002,42.669998,41.750000,42.439999,42.439999,9930100
2018-02-15,42.680000,43.259998,42.230000,43.009998,43.009998,10402800
2018-02-16,43.160000,43.639999,42.910000,43.340000,43.340000,9396200
2018-02-20,43.110001,43.790001,43.009998,43.389999,43.389999,10947000
2018-02-21,43.520000,43.700001,43.060001,43.119999,43.119999,10393300
2018-02-22,43.160000,43.509998,42.619999,42.830002,42.830002,10575200
2018-02-23,43.270000,43.790001,42.820000,43.680000,43.680000,11158700
2018-02-26,43.799999,44.360001,43.650002,43.830002,43.830002,6402500
2018-02-27,43.820000,43.950001,43.130001,43.150002,43.150002,9243800
2018-02-28,43.220001,43.419998,42.849998,42.860001,42.860001,8825200
2018-03-01,43.009998,43.110001,42.049999,42.270000,42.270000,8040500
2018-03-02,42.599998,43.060001,42.220001,42.950001,42.950001,8070200
2018-03-05,42.790001,43.549999,42.619999,43.189999,43.189999,5506100
2018-03-06,43.540001,43.540001,42.959999,43.139999,43.139999,5324800
2018-03-07,42.970001,44.020000,42.799999,43.930000,43.930000,8126500
2018-03-08,44.160000,44.299999,43.410000,43.680000,43.680000,9297800
2018-03-09,43.759998,43.849998,43.340000,43.810001,43.810001,7800600
2018-03-12,44.029999,44.040001,43.430000,43.900002,43.900002,9189400
2018-03-13,44.139999,44.220001,42.689999,42.820000,42.820000,9934900
2018-03-14,42.970001,43.139999,42.650002,42.830002,42.830002,11663300
2018-03-15,42.820000,42.830002,42.160000,42.590000,42.590000,7598600
2018-03-16,42.619999,42.740002,42.380001,42.459999,42.459999,14194900
2018-03-19,42.230000,42.759998,41.720001,42.090000,42.090000,9410000
2018-03-20,42.080002,42.189999,41.709999,41.959999,41.959999,8000800
2018-03-21,41.869999,42.130001,41.470001,41.669998,41.669998,7658100
2018-03-22,41.240002,41.549999,40.560001,40.580002,40.580002,10974100
2018-03-23,40.570000,40.939999,39.700001,39.709999,39.709999,9244800
2018-03-26,40.299999,41.060001,39.590000,41.009998,41.009998,9796900
2018-03-27,41.150002,41.169998,39.980000,40.220001,40.220001,11795600
2018-03-28,40.130001,40.820000,39.639999,40.110001,40.110001,14336500
2018-03-29,40.439999,40.830002,39.990002,40.240002,40.240002,13438300
2018-04-02,40.040001,40.340000,38.900002,39.360001,39.360001,7721400
2018-04-03,39.470001,39.900002,39.220001,39.610001,39.610001,9671700
2018-04-04,39.099998,39.910000,39.000000,39.790001,39.790001,10205800
2018-04-05,40.110001,40.310001,39.610001,40.029999,40.029999,6190800
2018-04-06,39.660000,39.939999,39.000000,39.090000,39.090000,6019700
2018-04-09,39.209999,39.549999,38.820000,38.880001,38.880001,7607500
2018-04-10,39.299999,39.820000,39.139999,39.590000,39.590000,7480300
2018-04-11,40.410000,41.090000,39.509998,39.830002,39.830002,17644400
2018-04-12,40.270000,40.889999,39.950001,40.529999,40.529999,14002500
2018-04-13,41.060001,41.090000,39.799999,39.900002,39.900002,7340900
2018-04-16,40.220001,40.660000,39.810001,40.189999,40.189999,6629200
2018-04-17,40.389999,40.799999,40.130001,40.610001,40.610001,9474500
2018-04-18,42.849998,42.900002,41.150002,41.750000,41.750000,19386300
2018-04-19,41.529999,42.250000,41.509998,42.110001,42.110001,9700700
2018-04-20,42.279999,43.000000,42.060001,42.200001,42.200001,13731600
2018-04-23,42.349998,42.500000,41.490002,41.599998,41.599998,8673100
2018-04-24,41.849998,42.180000,40.810001,41.180000,41.180000,7316900
2018-04-25,41.110001,41.279999,40.240002,40.970001,40.970001,11161200
2018-04-26,38.840000,39.070000,38.090000,38.680000,38.680000,21446700
2018-04-27,38.680000,38.889999,37.990002,38.230000,38.230000,15960100
2018-04-30,38.290001,38.619999,37.650002,37.880001,37.880001,10620400
2018-05-01,37.750000,37.919998,37.419998,37.830002,37.830002,7301900
2018-05-02,37.830002,37.990002,37.080002,37.180000,37.180000,11027800
2018-05-03,37.000000,37.759998,36.810001,37.639999,37.639999,8942700
2018-05-04,37.330002,38.189999,37.209999,38.000000,38.000000,6359300
2018-05-07,38.080002,38.250000,37.610001,37.799999,37.799999,6773700
2018-05-08,37.730000,38.139999,37.480000,38.099998,38.099998,8953000
2018-05-09,38.299999,38.840000,38.180000,38.230000,38.230000,9597500
2018-05-10,38.389999,38.560001,38.090000,38.500000,38.500000,7215500
2018-05-11,38.380001,38.759998,38.110001,38.259998,38.259998,7455900
2018-05-14,38.150002,38.669998,38.150002,38.389999,38.389999,7462800
2018-05-15,38.119999,38.209999,37.689999,38.080002,38.080002,6747200
2018-05-16,38.000000,38.570000,37.950001,38.349998,38.349998,11002600
2018-05-17,38.230000,38.840000,38.230000,38.400002,38.400002,6370400
2018-05-18,38.299999,38.580002,38.160000,38.320000,38.320000,6736600
2018-05-21,38.490002,38.820000,38.189999,38.290001,38.290001,6599200
2018-05-22,38.400002,38.490002,37.689999,37.770000,37.770000,9142200
2018-05-23,37.610001,38.060001,37.470001,38.040001,38.040001,7235400
2018-05-24,38.029999,38.240002,37.630001,37.790001,37.790001,6256200
2018-05-25,37.840000,38.290001,37.799999,37.939999,37.939999,8736600
2018-05-29,37.730000,37.880001,37.360001,37.529999,37.529999,8306000
2018-05-30,37.779999,38.119999,37.529999,37.849998,37.849998,7908700
2018-05-31,37.779999,37.810001,37.180000,37.720001,37.720001,10710700
2018-06-01,38.060001,38.849998,37.910000,38.340000,38.340000,7831200
2018-06-04,38.470001,39.130001,38.389999,39.070000,39.070000,8115300
2018-06-05,39.230000,40.470001,39.220001,40.040001,40.040001,11216100
2018-06-06,40.070000,40.110001,39.299999,39.950001,39.950001,6986700
2018-06-07,40.060001,40.860001,39.840000,40.450001,40.450001,11570700
2018-06-08,40.259998,40.410000,39.910000,40.290001,40.290001,6067000
2018-06-11,40.270000,40.759998,40.080002,40.490002,40.490002,5208900
2018-06-12,40.630001,40.750000,40.299999,40.450001,40.450001,8575100
2018-06-13,40.250000,40.270000,38.869999,39.330002,39.330002,14044000
2018-06-14,39.520000,39.669998,38.950001,39.000000,39.000000,9353400
2018-06-15,38.919998,39.009998,38.430000,38.889999,38.889999,12891600
2018-06-18,38.500000,39.029999,38.340000,38.860001,38.860001,10077500
2018-06-19,38.320000,39.299999,38.279999,39.180000,39.180000,7190200
2018-06-20,39.480000,39.540001,38.959999,39.259998,39.259998,5750500
2018-06-21,39.220001,39.590000,37.860001,38.009998,38.009998,11587300
2018-06-22,38.070000,38.270000,37.650002,38.090000,38.090000,11808400
2018-06-25,37.720001,37.750000,36.779999,37.110001,37.110001,13382600
2018-06-26,37.130001,37.369999,36.779999,37.070000,37.070000,12451300
2018-06-27,37.020000,37.299999,36.290001,36.299999,36.299999,9898300
2018-06-28,36.180000,36.369999,35.560001,36.139999,36.139999,11381100
2018-06-29,36.279999,36.540001,36.130001,36.259998,36.259998,6335800
2018-07-02,35.910000,36.680000,35.669998,36.669998,36.669998,6144200
2018-07-03,36.889999,37.209999,36.610001,36.639999,36.639999,3704000
2018-07-05,36.799999,37.099998,36.500000,37.029999,37.029999,4653800
2018-07-06,37.200001,37.540001,36.750000,37.389999,37.389999,4188500
2018-07-09,37.540001,37.930000,37.450001,37.910000,37.910000,4660700
2018-07-10,37.080002,37.500000,36.990002,37.040001,37.040001,11250700
2018-07-11,36.930000,37.430000,36.779999,36.980000,36.980000,8442000
2018-07-12,37.459999,37.779999,37.200001,37.549999,37.549999,9711500
2018-07-13,37.549999,37.669998,37.130001,37.610001,37.610001,7785700
2018-07-16,37.660000,38.060001,37.490002,37.730000,37.730000,11576800
2018-07-17,37.430000,38.150002,37.320000,37.810001,37.810001,9931200
2018-07-18,37.779999,38.340000,37.619999,37.950001,37.950001,15840300
2018-07-19,35.169998,35.650002,33.930000,34.110001,34.110001,50978000
2018-07-20,34.419998,34.910000,34.119999,34.200001,34.200001,20035000
2018-07-23,34.060001,34.150002,33.490002,33.790001,33.790001,15380500
2018-07-24,34.020000,34.060001,33.439999,33.520000,33.520000,10916700
2018-07-25,33.419998,34.040001,33.389999,33.889999,33.889999,12141500
2018-07-26,33.810001,34.639999,33.759998,34.430000,34.430000,9728300
2018-07-27,34.630001,34.840000,33.759998,33.810001,33.810001,10161300
2018-07-30,33.720001,33.959999,33.410000,33.669998,33.669998,10093700
2018-07-31,33.770000,33.959999,33.330002,33.450001,33.450001,9976100
2018-08-01,33.349998,33.450001,32.849998,33.090000,33.090000,8981800
2018-08-02,33.000000,33.400002,32.860001,33.220001,33.220001,7235700
2018-08-03,33.369999,33.720001,33.169998,33.660000,33.660000,7154100
2018-08-06,33.660000,34.189999,33.570000,33.990002,33.990002,8119000
2018-08-07,34.110001,34.209999,33.720001,33.779999,33.779999,5722300
2018-08-08,33.779999,33.950001,33.630001,33.840000,33.840000,5504300
2018-08-09,33.860001,34.209999,33.759998,34.150002,34.150002,8088200
2018-08-10,33.549999,34.459999,33.430000,34.090000,34.090000,13198500
2018-08-13,34.110001,34.450001,33.869999,33.880001,33.880001,7984400
2018-08-14,33.910000,34.730000,33.849998,34.400002,34.400002,9201000
2018-08-15,34.049999,34.099998,33.599998,33.860001,33.860001,12381500
2018-08-16,34.060001,34.169998,33.639999,33.770000,33.770000,8534500
2018-08-17,33.820000,34.259998,33.680000,34.009998,34.009998,6982400
2018-08-20,34.200001,34.340000,33.930000,34.020000,34.020000,7843900
2018-08-21,34.060001,34.869999,34.029999,34.529999,34.529999,9788800
2018-08-22,34.410000,34.790001,34.150002,34.700001,34.700001,7463100
2018-08-23,34.779999,34.889999,34.240002,34.400002,34.400002,7989400
2018-08-24,34.560001,34.880001,34.459999,34.529999,34.529999,5412500
2018-08-27,34.619999,34.790001,34.520000,34.580002,34.580002,7464800
2018-08-28,34.740002,34.790001,34.459999,34.740002,34.740002,5877600
2018-08-29,34.779999,35.290001,34.750000,34.930000,34.930000,5934400
2018-08-30,34.840000,34.990002,34.619999,34.799999,34.799999,4985500
2018-08-31,34.720001,35.060001,34.560001,34.610001,34.610001,7944100
2018-09-04,34.400002,34.910000,34.360001,34.799999,34.799999,6743300
2018-09-05,34.639999,34.689999,34.000000,34.130001,34.130001,8820700
2018-09-06,34.080002,34.320000,33.279999,33.660000,33.660000,9240100
2018-09-07,33.400002,34.020000,33.139999,33.990002,33.990002,6445200
2018-09-10,34.139999,34.200001,33.590000,33.709999,33.709999,7787600
2018-09-11,33.810001,34.209999,33.580002,34.110001,34.110001,4970600
2018-09-12,33.980000,34.419998,33.750000,34.259998,34.259998,6035900
2018-09-13,34.430000,34.849998,34.299999,34.439999,34.439999,6716800
2018-09-14,34.500000,34.549999,33.959999,34.099998,34.099998,5376400
2018-09-17,34.029999,34.389999,34.020000,34.200001,34.200001,6722700
2018-09-18,34.209999,34.540001,34.090000,34.119999,34.119999,8724500
2018-09-19,34.009998,34.369999,34.009998,34.220001,34.220001,13455600
2018-09-20,34.279999,34.310001,33.830002,34.240002,34.240002,15877000
2018-09-21,34.320000,34.459999,33.950001,34.040001,34.040001,24875000
2018-09-24,33.830002,33.950001,33.630001,33.720001,33.720001,8746500
2018-09-25,33.570000,33.720001,32.599998,32.759998,32.759998,20479000
2018-09-26,32.709999,34.099998,32.709999,33.580002,33.580002,14007000
2018-09-27,33.570000,33.740002,33.150002,33.340000,33.340000,7374800
2018-09-28,33.209999,33.340000,32.730000,33.020000,33.020000,8467200
2018-10-01,33.099998,33.150002,32.459999,32.509998,32.509998,11990700
2018-10-02,32.500000,32.779999,32.340000,32.560001,32.560001,10174300
2018-10-03,32.770000,33.130001,32.709999,32.750000,32.750000,11075500
2018-10-04,32.660000,32.930000,32.380001,32.630001,32.630001,12293000
2018-10-05,32.650002,32.730000,32.099998,32.240002,32.240002,9361100
2018-10-08,32.169998,33.049999,32.099998,32.580002,32.580002,8036100
2018-10-09,32.560001,34.599998,32.290001,33.279999,33.279999,27415000
2018-10-10,33.090000,33.180000,31.660000,31.670000,31.670000,14292200
2018-10-11,31.780001,31.799999,30.760000,31.400000,31.400000,14477800
2018-10-12,31.920000,31.920000,31.150000,31.719999,31.719999,7910500
2018-10-15,31.540001,32.150002,31.410000,31.860001,31.860001,5036400
2018-10-16,31.719999,32.340000,31.709999,32.250000,32.250000,7111500
2018-10-17,32.230000,32.389999,31.500000,32.020000,32.020000,10845300
2018-10-18,31.889999,31.990000,31.299999,31.549999,31.549999,8705300
2018-10-19,29.469999,29.580000,28.370001,28.750000,28.750000,39779400
2018-10-22,28.469999,28.910000,28.090000,28.490000,28.490000,17677200
2018-10-23,27.750000,28.360001,27.610001,28.190001,28.190001,12577500
2018-10-24,28.110001,28.379999,27.240000,27.290001,27.290001,16309300
2018-10-25,27.660000,28.299999,27.549999,28.059999,28.059999,12239600
2018-10-26,27.240000,27.920000,26.959999,27.340000,27.340000,16691700
2018-10-29,27.719999,27.799999,26.360001,26.820000,26.820000,18291800
2018-10-30,26.900000,27.670000,26.780001,27.420000,27.420000,19994400
2018-10-31,29.299999,29.490000,27.770000,29.030001,29.030001,28518100
2018-11-01,29.080000,30.000000,29.000000,29.520000,29.520000,18717300
2018-11-02,29.520000,30.080000,29.309999,29.870001,29.870001,16427500
2018-11-05,29.910000,30.059999,29.330000,29.639999,29.639999,10724200
2018-11-06,29.590000,30.260000,29.459999,29.950001,29.950001,12821600
2018-11-07,30.090000,30.180000,29.590000,29.860001,29.860001,18347500
2018-11-08,29.740000,29.969999,29.520000,29.840000,29.840000,10837900
2018-11-09,29.620001,29.950001,29.580000,29.629999,29.629999,8713100
2018-11-12,29.580000,29.700001,28.910000,28.959999,28.959999,10966400
2018-11-13,28.799999,28.799999,27.790001,28.100000,28.100000,17743900
2018-11-14,28.200001,28.340000,27.870001,27.889999,27.889999,12131000
2018-11-15,27.799999,28.469999,27.549999,28.170000,28.170000,12345600
2018-11-16,28.000000,28.350000,27.879999,28.120001,28.120001,12513700
2018-11-19,28.020000,28.330000,27.799999,27.959999,27.959999,11562100
2018-11-20,27.700001,28.629999,27.600000,28.160000,28.160000,15882600
2018-11-21,28.540001,28.760000,28.250000,28.340000,28.340000,12092800
2018-11-23,28.180000,29.049999,28.180000,28.440001,28.440001,7229000
2018-11-26,28.799999,29.020000,28.530001,28.799999,28.799999,11018000
2018-11-27,28.580000,28.879999,28.410000,28.740000,28.740000,9823500
2018-11-28,28.799999,29.840000,28.709999,29.760000,29.760000,22025700
2018-11-29,29.570000,29.879999,29.320000,29.520000,29.520000,8839400
2018-11-30,29.469999,29.879999,29.260000,29.850000,29.850000,19709500
2018-12-03,30.170000,30.360001,29.820000,30.200001,30.200001,18952800
2018-12-04,30.059999,30.330000,29.139999,29.260000,29.260000,17330100
2018-12-06,28.879999,29.540001,28.770000,29.469999,29.469999,15521800
2018-12-07,29.430000,29.910000,28.910000,29.059999,29.059999,11785300
2018-12-10,29.160000,29.290001,28.719999,28.980000,28.980000,10646400
2018-12-11,29.400000,29.549999,28.940001,29.049999,29.049999,12570800
2018-12-12,28.500000,29.490000,28.250000,29.040001,29.040001,12840500
2018-12-13,29.200001,29.309999,28.770000,29.020000,29.020000,12261800
2018-12-14,28.790001,29.139999,28.750000,28.910000,28.910000,11101100
2018-12-17,28.780001,29.000000,28.360001,28.480000,28.480000,16640200
2018-12-18,28.559999,28.780001,28.420000,28.500000,28.500000,13869600
2018-12-19,28.490000,29.230000,28.080000,28.299999,28.299999,18442300
2018-12-20,28.200001,28.520000,27.580000,27.990000,27.990000,21710600
2018-12-21,28.020000,28.340000,26.299999,26.580000,26.580000,32178400
2018-12-24,26.549999,26.920000,26.139999,26.139999,26.139999,6216100
2018-12-26,26.350000,27.879999,26.010000,27.850000,27.850000,11503400
2018-12-27,27.480000,28.040001,27.020000,28.030001,28.030001,9769900
2018-12-28,28.110001,28.639999,28.020000,28.240000,28.240000,8781000
2018-12-31,28.379999,28.500000,27.889999,28.070000,28.070000,7629300
2019-01-02,27.650000,28.959999,27.559999,28.850000,28.850000,11190300
2019-01-03,28.629999,28.820000,28.280001,28.320000,28.320000,10803900
2019-01-04,28.600000,29.080000,28.330000,28.969999,28.969999,14593700
2019-01-07,28.959999,29.650000,28.930000,29.469999,29.469999,13419400
2019-01-08,29.740000,30.080000,29.400000,30.000000,30.000000,8179700
2019-01-09,29.990000,30.400000,29.740000,30.290001,30.290001,10607500
2019-01-10,30.129999,30.639999,30.010000,30.570000,30.570000,8741400
2019-01-11,30.150000,30.540001,29.420000,30.410000,30.410000,13390900
2019-01-14,30.180000,30.280001,29.990000,30.209999,30.209999,7523000
2019-01-15,30.299999,30.750000,30.270000,30.670000,30.670000,7154900
2019-01-16,30.660000,30.700001,30.270000,30.290001,30.290001,12725700
2019-01-17,30.150000,30.549999,30.059999,30.379999,30.379999,12818500
2019-01-18,30.610001,31.020000,30.440001,31.000000,31.000000,13839700
2019-01-22,34.340000,34.750000,32.730000,32.900002,32.900002,56378700
2019-01-23,33.400002,33.529999,32.459999,32.610001,32.610001,19280600
2019-01-24,32.700001,32.860001,32.330002,32.650002,32.650002,11974800
2019-01-25,32.950001,33.759998,32.799999,33.720001,33.720001,17028800
2019-01-28,33.490002,34.230000,33.400002,34.020000,34.020000,22325500
2019-01-29,34.369999,34.430000,33.540001,33.689999,33.689999,19304100
2019-01-30,33.970001,34.320000,32.880001,34.080002,34.080002,27338600
2019-01-31,33.759998,33.990002,32.770000,33.650002,33.650002,24996900
2019-02-01,33.750000,34.480000,33.630001,34.310001,34.310001,19113800
2019-02-04,34.549999,35.200001,34.200001,35.049999,35.049999,19798500
2019-02-05,35.270000,35.529999,35.070000,35.330002,35.330002,13738200
2019-02-06,35.119999,35.709999,35.000000,35.480000,35.480000,11340000
